BAYES
183
2 13 10 2 2 2 2 10 13 91 10 2 8 22 2 10 13 10 2 8 91 10 2 2 2 91 2 2 2 13 91 2 8 2 2 91 2 2 8 8 2 22 2 2 8 2 10 10 13 2 13 2 13 8 2 8 2 2 22 91 22 2 8 10 13 2 91 2 2 2 2 91 8 91 10 2 10 91 8 10 10 8 2 8 10 2 2 2 2 2 91 8 8 2 2 2 10 22 8 10 2 2 91 2 2 2 2 2 22 2 13 13 91 91 91 2 2 2 2 91 10 8 22 91 2 2 91 8 13 10 91 22 91 2 10 8 8 2 2 2 91 2 10 2 22 2 2 2 10 8 13 2 8 22 8 10 2 13 91 8 2 10 2 22 10 2 91 10 10 2 22 2 91 22 91 8 2 2 2 91 8 2 2 
183
2	113	0
2	173	1
2	66	2
2	9	3
2	166	4
3	117	18	5
2	132	6
2	113	7
2	122	8
3	48	32	9
2	119	10
1	11
4	100	169	38	12
4	41	36	87	13
3	138	165	14
2	166	15
2	170	16
2	20	17
4	1	154	162	18
4	75	141	159	19
3	157	135	20
2	9	21
3	139	68	22
4	48	32	3	23
3	33	61	24
3	8	149	25
4	110	83	105	26
4	50	62	49	27
2	25	28
2	13	29
3	64	92	30
2	20	31
4	100	31	135	32
4	128	72	95	33
1	34
3	111	152	35
3	23	69	36
4	8	39	65	37
4	116	28	149	38
4	147	49	62	39
1	40
4	144	100	11	41
1	42
1	43
4	24	95	72	44
4	8	149	28	45
2	25	46
2	73	47
2	41	48
2	140	49
2	153	50
4	52	180	54	51
2	163	52
4	5	162	154	53
2	102	54
4	143	70	91	55
2	35	56
1	57
2	177	58
3	128	72	59
4	173	5	124	60
4	128	55	137	61
4	146	6	175	62
2	172	63
2	58	64
2	114	65
3	48	12	66
4	29	81	88	67
4	111	53	182	68
4	48	12	115	69
2	158	70
3	52	159	71
4	143	88	81	72
3	111	53	73
2	132	74
3	51	94	75
2	126	76
3	157	38	77
1	78
2	114	79
2	112	80
4	36	3	32	81
4	157	38	169	82
4	22	182	53	83
2	35	84
4	150	98	4	85
3	118	107	86
1	87
2	119	88
2	174	89
3	110	83	90
4	36	115	12	91
1	92
4	157	135	31	93
4	52	159	141	94
2	59	95
2	174	96
4	60	22	40	97
4	24	137	55	98
2	130	99
3	93	82	100
1	101
3	52	180	102
3	86	170	103
2	123	104
2	90	105
1	106
4	16	19	0	107
4	13	143	156	108
1	109
2	97	110
2	60	111
3	128	55	112
3	16	19	113
3	8	39	114
2	66	115
3	37	45	116
4	1	136	178	117
4	16	121	171	118
3	29	81	119
2	140	120
4	75	54	180	121
4	153	147	42	122
3	50	127	123
1	124
4	150	44	145	125
3	1	136	126
4	146	105	83	127
2	108	128
2	158	129
3	16	121	130
4	108	24	109	131
3	110	175	132
4	50	127	104	133
2	123	134
4	116	65	39	135
4	14	89	78	136
2	112	137
4	64	78	89	138
4	111	152	56	139
3	50	62	140
2	71	141
2	59	142
3	67	176	143
4	122	116	101	144
2	179	145
3	151	26	146
3	27	133	147
2	179	148
4	147	104	127	149
2	131	150
4	110	175	6	151
4	5	178	136	152
4	97	146	34	153
4	14	160	92	154
2	102	155
1	156
2	144	157
3	29	91	158
4	181	4	98	159
2	30	160
2	71	161
2	172	162
4	131	181	106	163
2	90	164
4	64	92	160	165
3	150	98	166
2	30	167
2	77	168
2	77	169
4	163	75	43	170
2	130	171
3	1	154	172
4	58	14	57	173
3	64	78	174
4	22	56	152	175
4	29	91	70	176
1	177
2	126	178
3	150	44	179
4	181	145	44	180
3	125	85	181
2	73	182

182
 0.500000 0.500000
 0.500000 0.500000
 0.500000 0.500000
 0.500000 0.500000
 0.500000 0.500000
 0.500000 0.500000
 0.500000 0.500000
 0.500000 0.500000
 0.500000 0.500000
 0.500000 0.500000
 0.500000 0.500000
 0.500000 0.500000
 0.500000 0.500000
 0.500000 0.500000
 0.500000 0.500000
 0.500000 0.500000
 0.500000 0.500000
 0.500000 0.500000
 0.500000 0.500000
 0.500000 0.500000
 0.500000 0.500000
 0.500000 0.500000
 0.500000 0.500000
 0.500000 0.500000
 0.500000 0.500000
 0.500000 0.500000
 0.500000 0.500000
 0.500000 0.500000
 0.500000 0.500000
 0.500000 0.500000
 0.500000 0.500000
 0.500000 0.500000
 0.500000 0.500000
 0.500000 0.500000
 0.500000 0.500000
 0.500000 0.500000
 0.500000 0.500000
 0.500000 0.500000
 0.500000 0.500000
 0.500000 0.500000
 0.500000 0.500000
 0.500000 0.500000
 0.500000 0.500000
 0.500000 0.500000
 0.500000 0.500000
 0.500000 0.500000
 0.500000 0.500000
 0.500000 0.500000
 0.500000 0.500000
 0.500000 0.500000
 0.500000 0.500000
 0.500000 0.500000
 0.500000 0.500000
 0.500000 0.500000
 0.500000 0.500000
 0.500000 0.500000
 0.500000 0.500000
 0.500000 0.500000
 0.500000 0.500000
 0.500000 0.500000
 0.500000 0.500000
 0.500000 0.500000
 0.500000 0.500000
 0.500000 0.500000
 0.500000 0.500000
 0.500000 0.500000
 0.500000 0.500000
 0.500000 0.500000
 0.500000 0.500000
 0.500000 0.500000
 0.500000 0.500000
 0.500000 0.500000
 0.500000 0.500000
 0.500000 0.500000
 0.500000 0.500000
 0.500000 0.500000
 0.500000 0.500000
 0.500000 0.500000
 0.500000 0.500000
 0.500000 0.500000
 0.500000 0.500000
 0.500000 0.500000
 0.500000 0.500000
 0.500000 0.500000
 0.500000 0.500000
 0.500000 0.500000
 0.500000 0.500000
 0.500000 0.500000
 0.500000 0.500000
 0.500000 0.500000
 0.500000 0.500000

286
 0.000000 0.000000 0.000000 0.000000 0.000000 0.000000 0.000000 0.000000 0.000000 0.000000 0.000000 0.000000 1.000000
 0.000000 1.000000 0.000000 0.000000 0.000000 0.000000 0.000000 0.000000 0.000000 0.000000 0.000000 0.000000 0.000000
 0.000000 0.000000 0.000000 0.000000 0.000000 0.000000 0.000000 0.000000 0.000000 0.000000 0.000000 1.000000 0.000000
 0.000000 0.000000 0.000000 1.000000 0.000000 0.000000 0.000000 0.000000 0.000000 0.000000 0.000000 0.000000 0.000000
 0.000000 0.000000 0.000000 0.000000 0.000000 0.000000 0.000000 0.000000 0.000000 0.000000 0.000000 0.000000 1.000000
 1.000000 0.000000 0.000000 0.000000 0.000000 0.000000 0.000000 0.000000 0.000000 0.000000 0.000000 0.000000 0.000000
 1.000000 0.000000 0.000000 0.000000 0.000000 0.000000 0.000000 0.000000 0.000000 0.000000 0.000000 0.000000 0.000000
 1.000000 0.000000 0.000000 0.000000 0.000000 0.000000 0.000000 0.000000 0.000000 0.000000 0.000000 0.000000 0.000000
 1.000000 0.000000 0.000000 0.000000 0.000000 0.000000 0.000000 0.000000 0.000000 0.000000 0.000000 0.000000 0.000000
 1.000000 0.000000 0.000000 0.000000 0.000000 0.000000 0.000000 0.000000 0.000000 0.000000 0.000000 0.000000 0.000000
 1.000000 0.000000 0.000000 0.000000 0.000000 0.000000 0.000000 0.000000 0.000000 0.000000 0.000000 0.000000 0.000000
 1.000000 0.000000 0.000000 0.000000 0.000000 0.000000 0.000000 0.000000 0.000000 0.000000 0.000000 0.000000 0.000000
 1.000000 0.000000 0.000000 0.000000 0.000000 0.000000 0.000000 0.000000 0.000000 0.000000 0.000000 0.000000 0.000000
 1.000000 0.000000 0.000000 0.000000 0.000000 0.000000 0.000000 0.000000 0.000000 0.000000 0.000000 0.000000 0.000000
 1.000000 0.000000 0.000000 0.000000 0.000000 0.000000 0.000000 0.000000 0.000000 0.000000 0.000000 0.000000 0.000000
 1.000000 0.000000 0.000000 0.000000 0.000000 0.000000 0.000000 0.000000 0.000000 0.000000 0.000000 0.000000 0.000000
 1.000000 0.000000 0.000000 0.000000 0.000000 0.000000 0.000000 0.000000 0.000000 0.000000 0.000000 0.000000 0.000000
 1.000000 0.000000 0.000000 0.000000 0.000000 0.000000 0.000000 0.000000 0.000000 0.000000 0.000000 0.000000 0.000000
 1.000000 0.000000 0.000000 0.000000 0.000000 0.000000 0.000000 0.000000 0.000000 0.000000 0.000000 0.000000 0.000000
 1.000000 0.000000 0.000000 0.000000 0.000000 0.000000 0.000000 0.000000 0.000000 0.000000 0.000000 0.000000 0.000000
 1.000000 0.000000 0.000000 0.000000 0.000000 0.000000 0.000000 0.000000 0.000000 0.000000 0.000000 0.000000 0.000000
 1.000000 0.000000 0.000000 0.000000 0.000000 0.000000 0.000000 0.000000 0.000000 0.000000 0.000000 0.000000 0.000000

910
 0.053566 0.135667 0.104488 0.176404 0.091197 0.062474 0.159568 0.034538 0.059550 0.122548
 0.101568 0.047273 0.096788 0.182826 0.003034 0.069340 0.016708 0.220558 0.088042 0.173862
 0.044833 0.001662 0.115127 0.164924 0.118849 0.200413 0.055994 0.094049 0.071643 0.132506
 0.143457 0.139113 0.026388 0.102224 0.060934 0.148742 0.110941 0.085787 0.169217 0.013196
 0.224545 0.026782 0.150944 0.031059 0.092216 0.046444 0.200797 0.015889 0.043014 0.168311
 0.145196 0.110324 0.108597 0.118377 0.080331 0.119248 0.059243 0.059542 0.041444 0.157698
 0.060309 0.143438 0.113340 0.170802 0.073720 0.040269 0.143429 0.142776 0.100314 0.011603
 0.015784 0.088112 0.126615 0.154192 0.055693 0.136218 0.060153 0.179850 0.176535 0.006848
 0.214609 0.033048 0.001596 0.195928 0.072872 0.045426 0.049583 0.140565 0.157314 0.089059
 0.122267 0.002205 0.094288 0.154961 0.120234 0.086162 0.140458 0.078397 0.100504 0.100524
 0.022318 0.098893 0.139135 0.094515 0.137034 0.092717 0.115615 0.008971 0.144265 0.146537
 0.014690 0.161493 0.166631 0.136624 0.075980 0.115759 0.055363 0.038944 0.155541 0.078974
 0.007694 0.139383 0.090073 0.143969 0.216439 0.023366 0.019585 0.126672 0.214630 0.018190
 0.003560 0.102726 0.011714 0.061997 0.195787 0.208417 0.130857 0.183706 0.040148 0.061088
 0.014896 0.020847 0.165023 0.148035 0.115701 0.133635 0.110791 0.050537 0.083867 0.156667
 0.039293 0.102458 0.166985 0.184926 0.071017 0.039370 0.023660 0.172382 0.026618 0.173290
 0.010147 0.203763 0.069061 0.137077 0.109814 0.052990 0.089523 0.221968 0.095240 0.010417
 0.146487 0.089628 0.033318 0.024892 0.048351 0.133279 0.205416 0.179906 0.031713 0.107010
 0.149260 0.026467 0.147918 0.066475 0.109913 0.013727 0.050629 0.205124 0.124404 0.106081
 0.177631 0.027610 0.040585 0.042700 0.201410 0.113654 0.039790 0.114720 0.075544 0.166356
 0.137000 0.167599 0.045749 0.108943 0.152476 0.088307 0.100695 0.055823 0.085808 0.057600
 0.062411 0.164159 0.223174 0.185003 0.048424 0.105347 0.038202 0.030612 0.099943 0.042725
 0.239439 0.013730 0.147585 0.059051 0.036327 0.154053 0.084179 0.059831 0.203346 0.002459
 0.069663 0.094214 0.069934 0.046950 0.119157 0.145499 0.125416 0.083890 0.118630 0.126647
 0.001511 0.198589 0.175659 0.162939 0.179970 0.037613 0.095601 0.004596 0.085929 0.057593
 0.138466 0.240899 0.048734 0.026720 0.232997 0.020002 0.029050 0.065564 0.112429 0.085138
 0.078797 0.129041 0.184222 0.010478 0.109967 0.095956 0.128352 0.056565 0.143258 0.063363
 0.014274 0.081751 0.148781 0.005204 0.144058 0.005508 0.159977 0.105796 0.156297 0.178354
 0.163776 0.073099 0.008610 0.168154 0.122453 0.101866 0.026387 0.064034 0.138566 0.133055
 0.058667 0.119241 0.183376 0.159524 0.142005 0.005203 0.093157 0.063862 0.137521 0.037443
 0.142830 0.085510 0.129782 0.151151 0.093620 0.137290 0.083029 0.159043 0.010380 0.007366
 0.043677 0.126888 0.084229 0.080039 0.154623 0.130594 0.071466 0.049363 0.116713 0.142408
 0.067607 0.140973 0.126839 0.061602 0.106635 0.165548 0.047187 0.118514 0.128988 0.036107
 0.151948 0.181822 0.046554 0.116593 0.146616 0.120637 0.124003 0.009720 0.075060 0.027046
 0.033331 0.025336 0.110979 0.198512 0.030754 0.003896 0.183325 0.174896 0.044327 0.194643
 0.178754 0.125198 0.080016 0.084801 0.081017 0.123489 0.162280 0.033700 0.063121 0.067624
 0.130674 0.172488 0.010902 0.120276 0.125138 0.071013 0.139826 0.064779 0.068653 0.096251
 0.071421 0.016595 0.193586 0.082721 0.074775 0.036076 0.181124 0.137402 0.203194 0.003105
 0.132108 0.174324 0.010332 0.139268 0.095403 0.093742 0.105642 0.045847 0.154462 0.048872
 0.039754 0.054991 0.009492 0.164350 0.123948 0.031729 0.168904 0.131797 0.098017 0.177017
 0.015680 0.084889 0.099977 0.147644 0.101661 0.005327 0.136674 0.143813 0.126170 0.138165
 0.029823 0.003456 0.155065 0.163895 0.131770 0.119661 0.167883 0.112258 0.031024 0.085167
 0.028414 0.140368 0.093660 0.076192 0.163112 0.101402 0.074800 0.040902 0.148398 0.132752
 0.178205 0.183341 0.002768 0.016071 0.120984 0.106441 0.216591 0.098221 0.067797 0.009580
 0.126817 0.090890 0.157904 0.122975 0.003993 0.069828 0.027849 0.173012 0.085340 0.141392
 0.071000 0.027233 0.084976 0.027518 0.077049 0.160721 0.196439 0.012302 0.327849 0.014913
 0.210122 0.098753 0.051690 0.197664 0.103793 0.031349 0.074274 0.081762 0.117445 0.033147
 0.084984 0.144178 0.086307 0.089804 0.037117 0.007451 0.173142 0.002178 0.187247 0.187592
 0.186507 0.015957 0.168178 0.102483 0.049277 0.091776 0.022870 0.092507 0.097399 0.173047
 0.028066 0.092183 0.153503 0.097985 0.084801 0.060888 0.152978 0.140328 0.075363 0.113905
 0.243893 0.209022 0.030252 0.005683 0.093590 0.058493 0.173259 0.032984 0.029137 0.123686
 0.112534 0.093648 0.170525 0.077465 0.010619 0.120784 0.188677 0.043501 0.061510 0.120738
 0.122591 0.131680 0.061536 0.123742 0.088439 0.075741 0.032115 0.122823 0.094894 0.146438
 0.046786 0.168997 0.091511 0.035996 0.106295 0.125899 0.178132 0.022823 0.047195 0.176366
 0.034895 0.052464 0.198802 0.032615 0.200052 0.073050 0.166533 0.013524 0.072530 0.155534
 0.239144 0.192348 0.060417 0.075079 0.009761 0.198229 0.019997 0.075228 0.029361 0.100435
 0.072667 0.158316 0.073263 0.158029 0.022825 0.082669 0.030249 0.127809 0.131444 0.142729
 0.062058 0.109834 0.126293 0.096964 0.167955 0.069884 0.115882 0.041611 0.054929 0.154591
 0.089539 0.245238 0.005224 0.000616 0.186359 0.051405 0.154568 0.001841 0.024695 0.240515
 0.103009 0.117942 0.135631 0.063457 0.033613 0.079854 0.130291 0.136546 0.064118 0.135538
 0.081445 0.054052 0.168061 0.147777 0.124620 0.137688 0.163472 0.006613 0.094243 0.022030
 0.157920 0.147433 0.161953 0.102502 0.122967 0.109261 0.032992 0.060711 0.048948 0.055313
 0.038369 0.035945 0.010689 0.154133 0.176079 0.199020 0.036715 0.155065 0.011801 0.182184
 0.056963 0.159222 0.081319 0.070977 0.119090 0.099692 0.130960 0.028690 0.116604 0.136483
 0.074778 0.130746 0.016577 0.200104 0.139545 0.014995 0.173830 0.163820 0.006794 0.078810
 0.111791 0.046423 0.136051 0.115149 0.068434 0.099718 0.138454 0.131859 0.128369 0.023752
 0.139317 0.124226 0.139216 0.017017 0.114291 0.104035 0.012177 0.119259 0.064829 0.165634
 0.089732 0.078719 0.176016 0.011650 0.065978 0.092523 0.129179 0.171947 0.106211 0.078045
 0.157443 0.025197 0.101151 0.023061 0.101578 0.094839 0.143028 0.043226 0.158314 0.152162
 0.049889 0.108226 0.086327 0.121125 0.128051 0.006404 0.119884 0.150706 0.111078 0.118310
 0.176024 0.185763 0.187540 0.076759 0.024578 0.070912 0.035149 0.046814 0.133097 0.063363
 0.126617 0.048242 0.150680 0.203087 0.007889 0.014722 0.158850 0.094628 0.178957 0.016329
 0.040789 0.162752 0.167796 0.096903 0.050565 0.164254 0.050420 0.093042 0.081290 0.092189
 0.074183 0.119067 0.158480 0.036732 0.167808 0.124446 0.084858 0.070790 0.148479 0.015155
 0.192687 0.174649 0.139539 0.039108 0.108093 0.071599 0.000165 0.167744 0.043182 0.063234
 0.170698 0.177691 0.021194 0.011706 0.183051 0.032754 0.053447 0.085965 0.108458 0.155036
 0.163786 0.123758 0.087980 0.112545 0.101549 0.173780 0.111818 0.018775 0.066395 0.039614
 0.130559 0.020024 0.040474 0.155941 0.124300 0.118757 0.085050 0.062748 0.167784 0.094362
 0.146621 0.111349 0.053262 0.059361 0.090997 0.128588 0.147654 0.054667 0.144380 0.063121
 0.110373 0.053275 0.091401 0.132052 0.035216 0.086602 0.212988 0.064734 0.209012 0.004346
 0.181760 0.037695 0.109746 0.044777 0.059750 0.059389 0.115567 0.047401 0.168791 0.175124
 0.017630 0.166868 0.104327 0.058557 0.128839 0.024810 0.137317 0.162476 0.149358 0.049818
 0.089455 0.069297 0.140877 0.114396 0.132176 0.075353 0.093876 0.083966 0.020350 0.180254
 0.105647 0.063126 0.076642 0.123904 0.124550 0.227706 0.240917 0.018197 0.015633 0.003677
 0.001972 0.091030 0.057363 0.170376 0.079007 0.105723 0.171723 0.111970 0.126004 0.084832
 0.139329 0.012563 0.125560 0.116286 0.111921 0.055413 0.115263 0.100031 0.097885 0.125748
 0.123825 0.098833 0.127367 0.083810 0.070785 0.130717 0.015274 0.118183 0.171978 0.059227
 0.009689 0.075431 0.059693 0.166310 0.138261 0.013309 0.109294 0.088474 0.178385 0.161154
 0.023835 0.092206 0.152834 0.168169 0.145461 0.147781 0.058120 0.035434 0.061285 0.114875
 0.000520 0.067305 0.137468 0.149777 0.169968 0.022097 0.094046 0.176416 0.155494 0.026909
 0.005866 0.126435 0.036194 0.159305 0.198005 0.117172 0.092927 0.043277 0.069094 0.151727

182
 0.500000 0.500000
 0.500000 0.500000
 0.500000 0.500000
 0.500000 0.500000
 0.500000 0.500000
 0.500000 0.500000
 0.500000 0.500000
 0.500000 0.500000
 0.500000 0.500000
 0.500000 0.500000
 0.500000 0.500000
 0.500000 0.500000
 0.500000 0.500000
 0.500000 0.500000
 0.500000 0.500000
 0.500000 0.500000
 0.500000 0.500000
 0.500000 0.500000
 0.500000 0.500000
 0.500000 0.500000
 0.500000 0.500000
 0.500000 0.500000
 0.500000 0.500000
 0.500000 0.500000
 0.500000 0.500000
 0.500000 0.500000
 0.500000 0.500000
 0.500000 0.500000
 0.500000 0.500000
 0.500000 0.500000
 0.500000 0.500000
 0.500000 0.500000
 0.500000 0.500000
 0.500000 0.500000
 0.500000 0.500000
 0.500000 0.500000
 0.500000 0.500000
 0.500000 0.500000
 0.500000 0.500000
 0.500000 0.500000
 0.500000 0.500000
 0.500000 0.500000
 0.500000 0.500000
 0.500000 0.500000
 0.500000 0.500000
 0.500000 0.500000
 0.500000 0.500000
 0.500000 0.500000
 0.500000 0.500000
 0.500000 0.500000
 0.500000 0.500000
 0.500000 0.500000
 0.500000 0.500000
 0.500000 0.500000
 0.500000 0.500000
 0.500000 0.500000
 0.500000 0.500000
 0.500000 0.500000
 0.500000 0.500000
 0.500000 0.500000
 0.500000 0.500000
 0.500000 0.500000
 0.500000 0.500000
 0.500000 0.500000
 0.500000 0.500000
 0.500000 0.500000
 0.500000 0.500000
 0.500000 0.500000
 0.500000 0.500000
 0.500000 0.500000
 0.500000 0.500000
 0.500000 0.500000
 0.500000 0.500000
 0.500000 0.500000
 0.500000 0.500000
 0.500000 0.500000
 0.500000 0.500000
 0.500000 0.500000
 0.500000 0.500000
 0.500000 0.500000
 0.500000 0.500000
 0.500000 0.500000
 0.500000 0.500000
 0.500000 0.500000
 0.500000 0.500000
 0.500000 0.500000
 0.500000 0.500000
 0.500000 0.500000
 0.500000 0.500000
 0.500000 0.500000
 0.500000 0.500000

182
 0.500000 0.500000
 0.500000 0.500000
 0.500000 0.500000
 0.500000 0.500000
 0.500000 0.500000
 0.500000 0.500000
 0.500000 0.500000
 0.500000 0.500000
 0.500000 0.500000
 0.500000 0.500000
 0.500000 0.500000
 0.500000 0.500000
 0.500000 0.500000
 0.500000 0.500000
 0.500000 0.500000
 0.500000 0.500000
 0.500000 0.500000
 0.500000 0.500000
 0.500000 0.500000
 0.500000 0.500000
 0.500000 0.500000
 0.500000 0.500000
 0.500000 0.500000
 0.500000 0.500000
 0.500000 0.500000
 0.500000 0.500000
 0.500000 0.500000
 0.500000 0.500000
 0.500000 0.500000
 0.500000 0.500000
 0.500000 0.500000
 0.500000 0.500000
 0.500000 0.500000
 0.500000 0.500000
 0.500000 0.500000
 0.500000 0.500000
 0.500000 0.500000
 0.500000 0.500000
 0.500000 0.500000
 0.500000 0.500000
 0.500000 0.500000
 0.500000 0.500000
 0.500000 0.500000
 0.500000 0.500000
 0.500000 0.500000
 0.500000 0.500000
 0.500000 0.500000
 0.500000 0.500000
 0.500000 0.500000
 0.500000 0.500000
 0.500000 0.500000
 0.500000 0.500000
 0.500000 0.500000
 0.500000 0.500000
 0.500000 0.500000
 0.500000 0.500000
 0.500000 0.500000
 0.500000 0.500000
 0.500000 0.500000
 0.500000 0.500000
 0.500000 0.500000
 0.500000 0.500000
 0.500000 0.500000
 0.500000 0.500000
 0.500000 0.500000
 0.500000 0.500000
 0.500000 0.500000
 0.500000 0.500000
 0.500000 0.500000
 0.500000 0.500000
 0.500000 0.500000
 0.500000 0.500000
 0.500000 0.500000
 0.500000 0.500000
 0.500000 0.500000
 0.500000 0.500000
 0.500000 0.500000
 0.500000 0.500000
 0.500000 0.500000
 0.500000 0.500000
 0.500000 0.500000
 0.500000 0.500000
 0.500000 0.500000
 0.500000 0.500000
 0.500000 0.500000
 0.500000 0.500000
 0.500000 0.500000
 0.500000 0.500000
 0.500000 0.500000
 0.500000 0.500000
 0.500000 0.500000

8
 1.000000 0.000000
 1.000000 0.000000
 1.000000 0.000000
 0.000000 1.000000

182
 0.500000 0.500000
 0.500000 0.500000
 0.500000 0.500000
 0.500000 0.500000
 0.500000 0.500000
 0.500000 0.500000
 0.500000 0.500000
 0.500000 0.500000
 0.500000 0.500000
 0.500000 0.500000
 0.500000 0.500000
 0.500000 0.500000
 0.500000 0.500000
 0.500000 0.500000
 0.500000 0.500000
 0.500000 0.500000
 0.500000 0.500000
 0.500000 0.500000
 0.500000 0.500000
 0.500000 0.500000
 0.500000 0.500000
 0.500000 0.500000
 0.500000 0.500000
 0.500000 0.500000
 0.500000 0.500000
 0.500000 0.500000
 0.500000 0.500000
 0.500000 0.500000
 0.500000 0.500000
 0.500000 0.500000
 0.500000 0.500000
 0.500000 0.500000
 0.500000 0.500000
 0.500000 0.500000
 0.500000 0.500000
 0.500000 0.500000
 0.500000 0.500000
 0.500000 0.500000
 0.500000 0.500000
 0.500000 0.500000
 0.500000 0.500000
 0.500000 0.500000
 0.500000 0.500000
 0.500000 0.500000
 0.500000 0.500000
 0.500000 0.500000
 0.500000 0.500000
 0.500000 0.500000
 0.500000 0.500000
 0.500000 0.500000
 0.500000 0.500000
 0.500000 0.500000
 0.500000 0.500000
 0.500000 0.500000
 0.500000 0.500000
 0.500000 0.500000
 0.500000 0.500000
 0.500000 0.500000
 0.500000 0.500000
 0.500000 0.500000
 0.500000 0.500000
 0.500000 0.500000
 0.500000 0.500000
 0.500000 0.500000
 0.500000 0.500000
 0.500000 0.500000
 0.500000 0.500000
 0.500000 0.500000
 0.500000 0.500000
 0.500000 0.500000
 0.500000 0.500000
 0.500000 0.500000
 0.500000 0.500000
 0.500000 0.500000
 0.500000 0.500000
 0.500000 0.500000
 0.500000 0.500000
 0.500000 0.500000
 0.500000 0.500000
 0.500000 0.500000
 0.500000 0.500000
 0.500000 0.500000
 0.500000 0.500000
 0.500000 0.500000
 0.500000 0.500000
 0.500000 0.500000
 0.500000 0.500000
 0.500000 0.500000
 0.500000 0.500000
 0.500000 0.500000
 0.500000 0.500000

910
 0.053566 0.135667 0.104488 0.176404 0.091197 0.062474 0.159568 0.034538 0.059550 0.122548
 0.101568 0.047273 0.096788 0.182826 0.003034 0.069340 0.016708 0.220558 0.088042 0.173862
 0.044833 0.001662 0.115127 0.164924 0.118849 0.200413 0.055994 0.094049 0.071643 0.132506
 0.143457 0.139113 0.026388 0.102224 0.060934 0.148742 0.110941 0.085787 0.169217 0.013196
 0.224545 0.026782 0.150944 0.031059 0.092216 0.046444 0.200797 0.015889 0.043014 0.168311
 0.145196 0.110324 0.108597 0.118377 0.080331 0.119248 0.059243 0.059542 0.041444 0.157698
 0.060309 0.143438 0.113340 0.170802 0.073720 0.040269 0.143429 0.142776 0.100314 0.011603
 0.015784 0.088112 0.126615 0.154192 0.055693 0.136218 0.060153 0.179850 0.176535 0.006848
 0.214609 0.033048 0.001596 0.195928 0.072872 0.045426 0.049583 0.140565 0.157314 0.089059
 0.122267 0.002205 0.094288 0.154961 0.120234 0.086162 0.140458 0.078397 0.100504 0.100524
 0.022318 0.098893 0.139135 0.094515 0.137034 0.092717 0.115615 0.008971 0.144265 0.146537
 0.014690 0.161493 0.166631 0.136624 0.075980 0.115759 0.055363 0.038944 0.155541 0.078974
 0.007694 0.139383 0.090073 0.143969 0.216439 0.023366 0.019585 0.126672 0.214630 0.018190
 0.003560 0.102726 0.011714 0.061997 0.195787 0.208417 0.130857 0.183706 0.040148 0.061088
 0.014896 0.020847 0.165023 0.148035 0.115701 0.133635 0.110791 0.050537 0.083867 0.156667
 0.039293 0.102458 0.166985 0.184926 0.071017 0.039370 0.023660 0.172382 0.026618 0.173290
 0.010147 0.203763 0.069061 0.137077 0.109814 0.052990 0.089523 0.221968 0.095240 0.010417
 0.146487 0.089628 0.033318 0.024892 0.048351 0.133279 0.205416 0.179906 0.031713 0.107010
 0.149260 0.026467 0.147918 0.066475 0.109913 0.013727 0.050629 0.205124 0.124404 0.106081
 0.177631 0.027610 0.040585 0.042700 0.201410 0.113654 0.039790 0.114720 0.075544 0.166356
 0.137000 0.167599 0.045749 0.108943 0.152476 0.088307 0.100695 0.055823 0.085808 0.057600
 0.062411 0.164159 0.223174 0.185003 0.048424 0.105347 0.038202 0.030612 0.099943 0.042725
 0.239439 0.013730 0.147585 0.059051 0.036327 0.154053 0.084179 0.059831 0.203346 0.002459
 0.069663 0.094214 0.069934 0.046950 0.119157 0.145499 0.125416 0.083890 0.118630 0.126647
 0.001511 0.198589 0.175659 0.162939 0.179970 0.037613 0.095601 0.004596 0.085929 0.057593
 0.138466 0.240899 0.048734 0.026720 0.232997 0.020002 0.029050 0.065564 0.112429 0.085138
 0.078797 0.129041 0.184222 0.010478 0.109967 0.095956 0.128352 0.056565 0.143258 0.063363
 0.014274 0.081751 0.148781 0.005204 0.144058 0.005508 0.159977 0.105796 0.156297 0.178354
 0.163776 0.073099 0.008610 0.168154 0.122453 0.101866 0.026387 0.064034 0.138566 0.133055
 0.058667 0.119241 0.183376 0.159524 0.142005 0.005203 0.093157 0.063862 0.137521 0.037443
 0.142830 0.085510 0.129782 0.151151 0.093620 0.137290 0.083029 0.159043 0.010380 0.007366
 0.043677 0.126888 0.084229 0.080039 0.154623 0.130594 0.071466 0.049363 0.116713 0.142408
 0.067607 0.140973 0.126839 0.061602 0.106635 0.165548 0.047187 0.118514 0.128988 0.036107
 0.151948 0.181822 0.046554 0.116593 0.146616 0.120637 0.124003 0.009720 0.075060 0.027046
 0.033331 0.025336 0.110979 0.198512 0.030754 0.003896 0.183325 0.174896 0.044327 0.194643
 0.178754 0.125198 0.080016 0.084801 0.081017 0.123489 0.162280 0.033700 0.063121 0.067624
 0.130674 0.172488 0.010902 0.120276 0.125138 0.071013 0.139826 0.064779 0.068653 0.096251
 0.071421 0.016595 0.193586 0.082721 0.074775 0.036076 0.181124 0.137402 0.203194 0.003105
 0.132108 0.174324 0.010332 0.139268 0.095403 0.093742 0.105642 0.045847 0.154462 0.048872
 0.039754 0.054991 0.009492 0.164350 0.123948 0.031729 0.168904 0.131797 0.098017 0.177017
 0.015680 0.084889 0.099977 0.147644 0.101661 0.005327 0.136674 0.143813 0.126170 0.138165
 0.029823 0.003456 0.155065 0.163895 0.131770 0.119661 0.167883 0.112258 0.031024 0.085167
 0.028414 0.140368 0.093660 0.076192 0.163112 0.101402 0.074800 0.040902 0.148398 0.132752
 0.178205 0.183341 0.002768 0.016071 0.120984 0.106441 0.216591 0.098221 0.067797 0.009580
 0.126817 0.090890 0.157904 0.122975 0.003993 0.069828 0.027849 0.173012 0.085340 0.141392
 0.071000 0.027233 0.084976 0.027518 0.077049 0.160721 0.196439 0.012302 0.327849 0.014913
 0.210122 0.098753 0.051690 0.197664 0.103793 0.031349 0.074274 0.081762 0.117445 0.033147
 0.084984 0.144178 0.086307 0.089804 0.037117 0.007451 0.173142 0.002178 0.187247 0.187592
 0.186507 0.015957 0.168178 0.102483 0.049277 0.091776 0.022870 0.092507 0.097399 0.173047
 0.028066 0.092183 0.153503 0.097985 0.084801 0.060888 0.152978 0.140328 0.075363 0.113905
 0.243893 0.209022 0.030252 0.005683 0.093590 0.058493 0.173259 0.032984 0.029137 0.123686
 0.112534 0.093648 0.170525 0.077465 0.010619 0.120784 0.188677 0.043501 0.061510 0.120738
 0.122591 0.131680 0.061536 0.123742 0.088439 0.075741 0.032115 0.122823 0.094894 0.146438
 0.046786 0.168997 0.091511 0.035996 0.106295 0.125899 0.178132 0.022823 0.047195 0.176366
 0.034895 0.052464 0.198802 0.032615 0.200052 0.073050 0.166533 0.013524 0.072530 0.155534
 0.239144 0.192348 0.060417 0.075079 0.009761 0.198229 0.019997 0.075228 0.029361 0.100435
 0.072667 0.158316 0.073263 0.158029 0.022825 0.082669 0.030249 0.127809 0.131444 0.142729
 0.062058 0.109834 0.126293 0.096964 0.167955 0.069884 0.115882 0.041611 0.054929 0.154591
 0.089539 0.245238 0.005224 0.000616 0.186359 0.051405 0.154568 0.001841 0.024695 0.240515
 0.103009 0.117942 0.135631 0.063457 0.033613 0.079854 0.130291 0.136546 0.064118 0.135538
 0.081445 0.054052 0.168061 0.147777 0.124620 0.137688 0.163472 0.006613 0.094243 0.022030
 0.157920 0.147433 0.161953 0.102502 0.122967 0.109261 0.032992 0.060711 0.048948 0.055313
 0.038369 0.035945 0.010689 0.154133 0.176079 0.199020 0.036715 0.155065 0.011801 0.182184
 0.056963 0.159222 0.081319 0.070977 0.119090 0.099692 0.130960 0.028690 0.116604 0.136483
 0.074778 0.130746 0.016577 0.200104 0.139545 0.014995 0.173830 0.163820 0.006794 0.078810
 0.111791 0.046423 0.136051 0.115149 0.068434 0.099718 0.138454 0.131859 0.128369 0.023752
 0.139317 0.124226 0.139216 0.017017 0.114291 0.104035 0.012177 0.119259 0.064829 0.165634
 0.089732 0.078719 0.176016 0.011650 0.065978 0.092523 0.129179 0.171947 0.106211 0.078045
 0.157443 0.025197 0.101151 0.023061 0.101578 0.094839 0.143028 0.043226 0.158314 0.152162
 0.049889 0.108226 0.086327 0.121125 0.128051 0.006404 0.119884 0.150706 0.111078 0.118310
 0.176024 0.185763 0.187540 0.076759 0.024578 0.070912 0.035149 0.046814 0.133097 0.063363
 0.126617 0.048242 0.150680 0.203087 0.007889 0.014722 0.158850 0.094628 0.178957 0.016329
 0.040789 0.162752 0.167796 0.096903 0.050565 0.164254 0.050420 0.093042 0.081290 0.092189
 0.074183 0.119067 0.158480 0.036732 0.167808 0.124446 0.084858 0.070790 0.148479 0.015155
 0.192687 0.174649 0.139539 0.039108 0.108093 0.071599 0.000165 0.167744 0.043182 0.063234
 0.170698 0.177691 0.021194 0.011706 0.183051 0.032754 0.053447 0.085965 0.108458 0.155036
 0.163786 0.123758 0.087980 0.112545 0.101549 0.173780 0.111818 0.018775 0.066395 0.039614
 0.130559 0.020024 0.040474 0.155941 0.124300 0.118757 0.085050 0.062748 0.167784 0.094362
 0.146621 0.111349 0.053262 0.059361 0.090997 0.128588 0.147654 0.054667 0.144380 0.063121
 0.110373 0.053275 0.091401 0.132052 0.035216 0.086602 0.212988 0.064734 0.209012 0.004346
 0.181760 0.037695 0.109746 0.044777 0.059750 0.059389 0.115567 0.047401 0.168791 0.175124
 0.017630 0.166868 0.104327 0.058557 0.128839 0.024810 0.137317 0.162476 0.149358 0.049818
 0.089455 0.069297 0.140877 0.114396 0.132176 0.075353 0.093876 0.083966 0.020350 0.180254
 0.105647 0.063126 0.076642 0.123904 0.124550 0.227706 0.240917 0.018197 0.015633 0.003677
 0.001972 0.091030 0.057363 0.170376 0.079007 0.105723 0.171723 0.111970 0.126004 0.084832
 0.139329 0.012563 0.125560 0.116286 0.111921 0.055413 0.115263 0.100031 0.097885 0.125748
 0.123825 0.098833 0.127367 0.083810 0.070785 0.130717 0.015274 0.118183 0.171978 0.059227
 0.009689 0.075431 0.059693 0.166310 0.138261 0.013309 0.109294 0.088474 0.178385 0.161154
 0.023835 0.092206 0.152834 0.168169 0.145461 0.147781 0.058120 0.035434 0.061285 0.114875
 0.000520 0.067305 0.137468 0.149777 0.169968 0.022097 0.094046 0.176416 0.155494 0.026909
 0.005866 0.126435 0.036194 0.159305 0.198005 0.117172 0.092927 0.043277 0.069094 0.151727

286
 0.000000 0.000000 0.000000 0.000000 0.000000 0.000000 0.000000 0.000000 0.000000 0.000000 0.000000 0.000000 1.000000
 0.000000 1.000000 0.000000 0.000000 0.000000 0.000000 0.000000 0.000000 0.000000 0.000000 0.000000 0.000000 0.000000
 0.000000 0.000000 0.000000 0.000000 0.000000 0.000000 0.000000 0.000000 0.000000 0.000000 0.000000 1.000000 0.000000
 0.000000 0.000000 0.000000 1.000000 0.000000 0.000000 0.000000 0.000000 0.000000 0.000000 0.000000 0.000000 0.000000
 0.000000 0.000000 0.000000 0.000000 0.000000 0.000000 0.000000 0.000000 0.000000 0.000000 0.000000 0.000000 1.000000
 1.000000 0.000000 0.000000 0.000000 0.000000 0.000000 0.000000 0.000000 0.000000 0.000000 0.000000 0.000000 0.000000
 1.000000 0.000000 0.000000 0.000000 0.000000 0.000000 0.000000 0.000000 0.000000 0.000000 0.000000 0.000000 0.000000
 1.000000 0.000000 0.000000 0.000000 0.000000 0.000000 0.000000 0.000000 0.000000 0.000000 0.000000 0.000000 0.000000
 1.000000 0.000000 0.000000 0.000000 0.000000 0.000000 0.000000 0.000000 0.000000 0.000000 0.000000 0.000000 0.000000
 1.000000 0.000000 0.000000 0.000000 0.000000 0.000000 0.000000 0.000000 0.000000 0.000000 0.000000 0.000000 0.000000
 1.000000 0.000000 0.000000 0.000000 0.000000 0.000000 0.000000 0.000000 0.000000 0.000000 0.000000 0.000000 0.000000
 1.000000 0.000000 0.000000 0.000000 0.000000 0.000000 0.000000 0.000000 0.000000 0.000000 0.000000 0.000000 0.000000
 1.000000 0.000000 0.000000 0.000000 0.000000 0.000000 0.000000 0.000000 0.000000 0.000000 0.000000 0.000000 0.000000
 1.000000 0.000000 0.000000 0.000000 0.000000 0.000000 0.000000 0.000000 0.000000 0.000000 0.000000 0.000000 0.000000
 1.000000 0.000000 0.000000 0.000000 0.000000 0.000000 0.000000 0.000000 0.000000 0.000000 0.000000 0.000000 0.000000
 1.000000 0.000000 0.000000 0.000000 0.000000 0.000000 0.000000 0.000000 0.000000 0.000000 0.000000 0.000000 0.000000
 1.000000 0.000000 0.000000 0.000000 0.000000 0.000000 0.000000 0.000000 0.000000 0.000000 0.000000 0.000000 0.000000
 1.000000 0.000000 0.000000 0.000000 0.000000 0.000000 0.000000 0.000000 0.000000 0.000000 0.000000 0.000000 0.000000
 1.000000 0.000000 0.000000 0.000000 0.000000 0.000000 0.000000 0.000000 0.000000 0.000000 0.000000 0.000000 0.000000
 1.000000 0.000000 0.000000 0.000000 0.000000 0.000000 0.000000 0.000000 0.000000 0.000000 0.000000 0.000000 0.000000
 1.000000 0.000000 0.000000 0.000000 0.000000 0.000000 0.000000 0.000000 0.000000 0.000000 0.000000 0.000000 0.000000
 1.000000 0.000000 0.000000 0.000000 0.000000 0.000000 0.000000 0.000000 0.000000 0.000000 0.000000 0.000000 0.000000

9464
 1.000000 0.000000 0.000000 0.000000 0.000000 0.000000 0.000000 0.000000 0.000000 0.000000 0.000000 0.000000 0.000000 0.000000 0.000000 0.000000 0.000000 0.000000 0.000000 0.000000 0.000000 0.000000 0.000000 0.000000 0.000000 0.000000 0.000000 0.000000 0.000000 0.000000 0.000000 0.000000 0.000000 0.000000 0.000000 0.000000 0.000000 0.000000 0.000000 0.000000 0.000000 0.000000 0.000000 0.000000 0.000000 0.000000 0.000000 0.000000 0.000000 0.000000 0.000000 0.000000 0.000000 0.000000 0.000000 0.000000 0.000000 0.000000 0.000000 0.000000 0.000000 0.000000 0.000000 0.000000 0.000000 0.000000 0.000000 0.000000 0.000000 0.000000 0.000000 0.000000 0.000000 0.000000 0.000000 0.000000 0.000000 0.000000 0.000000 0.000000 0.000000 0.000000 0.000000 0.000000 0.000000 0.000000 0.000000 0.000000 0.000000 0.000000 0.000000
 0.000000 0.000000 0.000000 0.000000 0.000000 0.000000 0.000000 0.000000 1.000000 0.000000 0.000000 0.000000 0.000000 0.000000 0.000000 0.000000 0.000000 0.000000 0.000000 0.000000 0.000000 0.000000 0.000000 0.000000 0.000000 0.000000 0.000000 0.000000 0.000000 0.000000 0.000000 0.000000 0.000000 0.000000 0.000000 0.000000 0.000000 0.000000 0.000000 0.000000 0.000000 0.000000 0.000000 0.000000 0.000000 0.000000 0.000000 0.000000 0.000000 0.000000 0.000000 0.000000 0.000000 0.000000 0.000000 0.000000 0.000000 0.000000 0.000000 0.000000 0.000000 0.000000 0.000000 0.000000 0.000000 0.000000 0.000000 0.000000 0.000000 0.000000 0.000000 0.000000 0.000000 0.000000 0.000000 0.000000 0.000000 0.000000 0.000000 0.000000 0.000000 0.000000 0.000000 0.000000 0.000000 0.000000 0.000000 0.000000 0.000000 0.000000 0.000000
 0.000000 0.000000 0.000000 0.000000 0.000000 0.000000 0.000000 0.000000 0.000000 0.000000 0.000000 0.000000 0.000000 0.000000 0.000000 0.000000 1.000000 0.000000 0.000000 0.000000 0.000000 0.000000 0.000000 0.000000 0.000000 0.000000 0.000000 0.000000 0.000000 0.000000 0.000000 0.000000 0.000000 0.000000 0.000000 0.000000 0.000000 0.000000 0.000000 0.000000 0.000000 0.000000 0.000000 0.000000 0.000000 0.000000 0.000000 0.000000 0.000000 0.000000 0.000000 0.000000 0.000000 0.000000 0.000000 0.000000 0.000000 0.000000 0.000000 0.000000 0.000000 0.000000 0.000000 0.000000 0.000000 0.000000 0.000000 0.000000 0.000000 0.000000 0.000000 0.000000 0.000000 0.000000 0.000000 0.000000 0.000000 0.000000 0.000000 0.000000 0.000000 0.000000 0.000000 0.000000 0.000000 0.000000 0.000000 0.000000 0.000000 0.000000 0.000000
 0.000000 0.000000 0.000000 0.000000 0.000000 0.000000 0.000000 0.000000 0.000000 0.000000 0.000000 0.000000 0.000000 0.000000 0.000000 0.000000 0.000000 0.000000 0.000000 0.000000 0.000000 0.000000 0.000000 0.000000 1.000000 0.000000 0.000000 0.000000 0.000000 0.000000 0.000000 0.000000 0.000000 0.000000 0.000000 0.000000 0.000000 0.000000 0.000000 0.000000 0.000000 0.000000 0.000000 0.000000 0.000000 0.000000 0.000000 0.000000 0.000000 0.000000 0.000000 0.000000 0.000000 0.000000 0.000000 0.000000 0.000000 0.000000 0.000000 0.000000 0.000000 0.000000 0.000000 0.000000 0.000000 0.000000 0.000000 0.000000 0.000000 0.000000 0.000000 0.000000 0.000000 0.000000 0.000000 0.000000 0.000000 0.000000 0.000000 0.000000 0.000000 0.000000 0.000000 0.000000 0.000000 0.000000 0.000000 0.000000 0.000000 0.000000 0.000000
 0.000000 0.000000 0.000000 0.000000 0.000000 0.000000 0.000000 0.000000 0.000000 0.000000 0.000000 0.000000 0.000000 0.000000 0.000000 0.000000 0.000000 0.000000 0.000000 0.000000 0.000000 0.000000 0.000000 0.000000 0.000000 0.000000 0.000000 0.000000 0.000000 0.000000 0.000000 0.000000 1.000000 0.000000 0.000000 0.000000 0.000000 0.000000 0.000000 0.000000 0.000000 0.000000 0.000000 0.000000 0.000000 0.000000 0.000000 0.000000 0.000000 0.000000 0.000000 0.000000 0.000000 0.000000 0.000000 0.000000 0.000000 0.000000 0.000000 0.000000 0.000000 0.000000 0.000000 0.000000 0.000000 0.000000 0.000000 0.000000 0.000000 0.000000 0.000000 0.000000 0.000000 0.000000 0.000000 0.000000 0.000000 0.000000 0.000000 0.000000 0.000000 0.000000 0.000000 0.000000 0.000000 0.000000 0.000000 0.000000 0.000000 0.000000 0.000000
 0.000000 0.000000 0.000000 0.000000 0.000000 0.000000 0.000000 0.000000 0.000000 0.000000 0.000000 0.000000 0.000000 0.000000 0.000000 0.000000 0.000000 0.000000 0.000000 0.000000 0.000000 0.000000 0.000000 0.000000 0.000000 0.000000 0.000000 0.000000 0.000000 0.000000 0.000000 0.000000 0.000000 0.000000 0.000000 0.000000 0.000000 0.000000 0.000000 0.000000 1.000000 0.000000 0.000000 0.000000 0.000000 0.000000 0.000000 0.000000 0.000000 0.000000 0.000000 0.000000 0.000000 0.000000 0.000000 0.000000 0.000000 0.000000 0.000000 0.000000 0.000000 0.000000 0.000000 0.000000 0.000000 0.000000 0.000000 0.000000 0.000000 0.000000 0.000000 0.000000 0.000000 0.000000 0.000000 0.000000 0.000000 0.000000 0.000000 0.000000 0.000000 0.000000 0.000000 0.000000 0.000000 0.000000 0.000000 0.000000 0.000000 0.000000 0.000000
 0.000000 0.000000 0.000000 0.000000 0.000000 0.000000 0.000000 0.000000 0.000000 0.000000 0.000000 0.000000 0.000000 0.000000 0.000000 0.000000 0.000000 0.000000 0.000000 0.000000 0.000000 0.000000 0.000000 0.000000 0.000000 0.000000 0.000000 0.000000 0.000000 0.000000 0.000000 0.000000 0.000000 0.000000 0.000000 0.000000 0.000000 0.000000 0.000000 0.000000 0.000000 0.000000 0.000000 0.000000 0.000000 0.000000 0.000000 0.000000 1.000000 0.000000 0.000000 0.000000 0.000000 0.000000 0.000000 0.000000 0.000000 0.000000 0.000000 0.000000 0.000000 0.000000 0.000000 0.000000 0.000000 0.000000 0.000000 0.000000 0.000000 0.000000 0.000000 0.000000 0.000000 0.000000 0.000000 0.000000 0.000000 0.000000 0.000000 0.000000 0.000000 0.000000 0.000000 0.000000 0.000000 0.000000 0.000000 0.000000 0.000000 0.000000 0.000000
 0.000000 0.000000 0.000000 0.000000 0.000000 0.000000 0.000000 0.000000 0.000000 0.000000 0.000000 0.000000 0.000000 0.000000 0.000000 0.000000 0.000000 0.000000 0.000000 0.000000 0.000000 0.000000 0.000000 0.000000 0.000000 0.000000 0.000000 0.000000 0.000000 0.000000 0.000000 0.000000 0.000000 0.000000 0.000000 0.000000 0.000000 0.000000 0.000000 0.000000 0.000000 0.000000 0.000000 0.000000 0.000000 0.000000 0.000000 0.000000 0.000000 0.000000 0.000000 0.000000 0.000000 0.000000 0.000000 0.000000 1.000000 0.000000 0.000000 0.000000 0.000000 0.000000 0.000000 0.000000 0.000000 0.000000 0.000000 0.000000 0.000000 0.000000 0.000000 0.000000 0.000000 0.000000 0.000000 0.000000 0.000000 0.000000 0.000000 0.000000 0.000000 0.000000 0.000000 0.000000 0.000000 0.000000 0.000000 0.000000 0.000000 0.000000 0.000000
 0.000000 0.000000 0.000000 0.000000 0.000000 0.000000 0.000000 0.000000 0.000000 0.000000 0.000000 0.000000 0.000000 0.000000 0.000000 0.000000 0.000000 0.000000 0.000000 0.000000 0.000000 0.000000 0.000000 0.000000 0.000000 0.000000 0.000000 0.000000 0.000000 0.000000 0.000000 0.000000 0.000000 0.000000 0.000000 0.000000 0.000000 0.000000 0.000000 0.000000 0.000000 0.000000 0.000000 0.000000 0.000000 0.000000 0.000000 0.000000 0.000000 0.000000 0.000000 0.000000 0.000000 0.000000 0.000000 0.000000 0.000000 0.000000 0.000000 0.000000 0.000000 0.000000 0.000000 0.000000 1.000000 0.000000 0.000000 0.000000 0.000000 0.000000 0.000000 0.000000 0.000000 0.000000 0.000000 0.000000 0.000000 0.000000 0.000000 0.000000 0.000000 0.000000 0.000000 0.000000 0.000000 0.000000 0.000000 0.000000 0.000000 0.000000 0.000000
 0.000000 0.000000 0.000000 0.000000 0.000000 0.000000 0.000000 0.000000 0.000000 0.000000 0.000000 0.000000 0.000000 0.000000 0.000000 0.000000 0.000000 0.000000 0.000000 0.000000 0.000000 0.000000 0.000000 0.000000 0.000000 0.000000 0.000000 0.000000 0.000000 0.000000 0.000000 0.000000 0.000000 0.000000 0.000000 0.000000 0.000000 0.000000 0.000000 0.000000 0.000000 0.000000 0.000000 0.000000 0.000000 0.000000 0.000000 0.000000 0.000000 0.000000 0.000000 0.000000 0.000000 0.000000 0.000000 0.000000 0.000000 0.000000 0.000000 0.000000 0.000000 0.000000 0.000000 0.000000 0.000000 0.000000 0.000000 0.000000 0.000000 0.000000 0.000000 0.000000 1.000000 0.000000 0.000000 0.000000 0.000000 0.000000 0.000000 0.000000 0.000000 0.000000 0.000000 0.000000 0.000000 0.000000 0.000000 0.000000 0.000000 0.000000 0.000000
